43111 청주시 상당구 
43112 청주시 서원구 
43113 청주시 흥덕구 
43114 청주시 청원구 
43130 충주시 
43150 제천시 
43720 보은군 
43730 옥천군 
43740 영동군 
43745 증평군 
43750 진천군 
43760 괴산군 
43770 음성군 
43800 단양군 

[44131, 44133, 44150, 44180, 44200, 44210, 44230, 44250, 
                                       44270, 44710, 44760, 44770, 44790, 44800, 44810, 43111, 
                                       43112, 43113, 43114, 43130, 43150, 43720, 43730, 43740, 43745,
                                      43750, 43760, 43770, 43800], 2020, 1, 9, '1-9월_seoul.csv')